0 1,0,0,0 0
0 1,1,0,0 1
0 1,2,0,0 2
0 16,1,0,0 1
0 16,3,0,0 3
0 18,0,1,0 4
0 18,4,1,0 5
0 18,5,1,0 6
0 19,6,2,0 7
0 19,7,1,0 8
0 19,4,1,0 9
0 20,8,1,0 10
0 14,0,0,0 0
0 19,9,1,0 11
0 14,0,0,0 0
0 19,9,1,0 11
0 19,4,1,0 5
0 1,4,1,0 5
0 1,10,1,1 12
0 1,4,1,0 5
0 1,10,1,1 12
0 2,11,1,0 13
0 1,4,1,0 5
0 1,10,1,1 12
0 2,11,1,0 13
0 13,0,0,0 0
0 1,4,1,0 5
0 1,10,1,1 12
0 2,11,1,0 13
0 13,0,0,0 0
0 22,12,3,0 14
0 14,0,1,0 15
0 23,13,1,0 16
0 14,0,1,0 15
0 23,13,1,0 16
0 23,4,1,0 5
0 14,0,1,0 15
0 23,13,1,0 16
0 23,4,1,0 5
0 23,0,1,0 15
0 12,0,2,0 17
0 19,5,1,1 18
0 12,0,2,0 17
0 19,5,1,1 18
0 19,10,1,0 19
0 12,0,2,0 17
0 19,5,1,1 18
0 19,10,1,0 19
0 22,10,1,1 12
0 12,0,2,0 17
0 19,5,1,1 18
0 19,10,1,0 19
0 22,10,1,1 12
0 22,2,1,1 12
0 18,1,1,0 20
0 18,5,1,0 21
0 18,1,1,0 20
0 18,5,1,0 21
0 21,4,1,0 22
0 0,10,1,1 23
0 0,10,1,1 23
0 0,10,1,1 23
0 0,10,1,1 23
0 1,14,2,0 24
0 0,10,1,1 23
0 0,10,1,1 23
0 1,14,2,0 24
0 17,12,2,0 25
0 0,10,1,1 23
0 0,10,1,1 23
0 1,14,2,0 24
0 17,12,2,0 25
0 17,4,2,0 26
0 12,0,2,0 27
0 12,5,2,0 28
1 18,5,2,0 28
1 18,19,2,0 35
1 22,19,0,0 33
1 3,8,0,0 41
1 20,16,1,0 30
1 3,8,0,0 41
1 20,16,1,0 30
1 20,15,1,1 31
1 4,7,4,0 42
1 5,16,1,0 30
1 4,7,4,0 42
1 5,16,1,0 30
1 19,26,5,0 43
1 4,7,4,0 42
1 5,16,1,0 30
1 19,26,5,0 43
1 21,15,1,1 31
1 11,15,1,1 31
1 21,17,1,1 18
1 21,5,0,0 44
1 21,19,0,0 33
1 11,15,1,1 31
1 21,15,1,1 31
1 11,15,1,1 31
1 21,17,1,1 18
1 11,15,1,1 31
1 21,15,1,1 31
1 22,22,0,0 37
1 22,27,0,0 45
1 22,22,0,0 37
1 22,27,0,0 45
1 22,17,0,0 46
1 22,22,0,0 37
1 22,27,0,0 45
1 22,17,0,0 46
1 22,8,0,0 41
1 17,26,5,0 43
1 21,17,0,0 46
1 18,16,1,0 30
1 19,19,2,0 35
1 21,15,1,1 31
1 21,17,1,1 18
1 21,20,0,1 34
1 21,28,0,1 34
1 18,19,2,0 35
1 19,29,1,1 31
1 18,19,2,0 35
1 19,29,1,1 31
1 19,15,1,1 31
1 11,15,4,0 29
1 21,15,1,1 31
1 19,30,2,0 47
1 19,15,1,1 31
1 18,20,1,1 31
1 19,20,0,1 34
1 18,20,1,1 31
1 19,20,0,1 34
1 19,28,0,1 34
1 21,15,1,1 31
1 21,17,1,1 18
1 11,15,1,1 31
1 21,15,1,1 31
1 21,29,1,1 31
1 21,15,1,1 31
1 11,15,1,1 31
1 21,18,0,0 32
1 11,15,1,1 31
1 21,18,0,0 32
1 21,17,0,0 46
1 18,20,1,1 31
1 18,19,2,0 35
1 18,20,1,1 31
1 18,19,2,0 35
1 20,15,1,1 18
1 17,31,3,1 48
1 17,28,3,1 48
1 20,17,1,1 18
1 21,15,1,1 31
1 19,28,0,1 34
1 19,20,0,1 34
1 3,8,0,0 41
1 16,16,1,0 30
1 3,8,0,0 41
1 16,16,1,0 30
1 17,20,5,1 49
1 3,8,0,0 41
1 16,16,1,0 30
1 17,20,5,1 49
1 18,32,6,1 50
1 3,8,0,0 41
1 16,16,1,0 30
1 17,20,5,1 49
1 18,32,6,1 50
1 20,19,0,0 33
1 18,19,2,0 35
1 20,22,0,0 37
1 18,19,2,0 35
1 20,22,0,0 37
1 20,23,0,0 51
1 3,17,0,0 46
1 21,19,0,0 33
2 1,28,7,0 61
2 15,34,1,0 57
2 0,34,1,0 57
2 17,34,1,0 57
2 18,16,1,0 30
2 18,20,0,1 34
2 0,38,8,0 68
2 4,14,8,0 69
2 4,39,6,0 70
2 6,7,6,0 71
2 4,39,6,0 70
2 6,7,6,0 71
2 19,16,1,0 30
2 3,5,7,0 60
2 23,33,2,0 54
2 1,28,5,0 72
2 1,40,5,0 73
2 1,28,5,0 72
2 1,40,5,0 73
2 2,41,5,1 74
2 1,28,5,0 72
2 1,40,5,0 73
2 2,41,5,1 74
2 22,38,8,0 68
2 0,32,1,1 12
2 2,39,1,1 31
2 3,42,5,0 75
2 4,43,5,0 76
2 3,42,5,0 75
2 4,43,5,0 76
2 17,34,1,0 57
2 1,33,2,0 54
2 12,34,1,0 57
2 23,44,1,0 77
2 2,29,1,1 31
2 23,34,1,0 57
2 23,28,5,1 78
2 23,20,5,1 78
2 23,36,5,1 78
2 1,33,2,0 54
2 4,45,7,0 79
2 1,2,7,0 80
2 2,45,7,0 79
2 0,42,5,0 75
2 2,7,1,0 81
2 0,42,5,0 75
2 23,34,1,0 57
2 0,42,5,0 75
2 23,34,1,0 57
2 0,34,1,0 57
2 0,42,5,0 75
2 23,34,1,0 57
2 0,34,1,0 57
2 21,15,1,1 18
2 0,42,5,0 75
2 23,34,1,0 57
2 0,34,1,0 57
2 21,15,1,1 18
2 22,5,2,0 82
2 22,34,1,0 57
2 4,2,1,0 83
2 22,46,7,0 84
2 23,36,5,1 49
2 22,46,7,0 84
2 23,36,5,1 49
2 23,20,5,1 49
2 1,42,5,0 75
2 22,34,1,0 57
2 1,42,5,0 75
2 22,34,1,0 57
2 1,34,1,0 57
2 20,47,8,0 85
2 0,28,5,1 78
2 1,20,5,1 78
2 1,36,5,1 78
2 2,28,7,0 61
2 22,34,1,0 57
2 2,28,7,0 61
2 22,34,1,0 57
2 0,37,5,1 49
2 21,14,2,0 86
2 22,28,7,0 61
2 22,23,7,0 87
2 22,5,7,0 60
2 22,23,7,0 87
2 22,5,7,0 60
2 1,29,1,1 31
2 1,16,1,0 67
2 22,28,7,0 88
2 21,28,7,0 88
2 22,28,7,0 61
2 4,28,7,0 61
2 4,5,7,0 60
3 18,51,9,0 96
3 1,34,1,0 57
3 19,28,8,1 90
3 1,26,8,0 99
3 15,26,8,0 99
3 3,26,8,0 99
3 21,26,8,0 99
3 20,26,8,0 99
3 21,10,5,1 49
3 6,26,8,0 99
3 17,51,9,0 96
3 19,2,8,1 100
3 7,26,8,0 99
3 17,52,3,1 48
3 18,26,8,0 99
3 3,26,8,0 99
3 21,26,8,0 99
3 3,26,8,0 99
3 22,26,8,0 99
3 7,26,8,0 99
3 18,51,9,0 96
3 19,26,8,0 99
3 5,26,8,0 99
3 23,51,9,0 96
3 2,28,8,1 90
3 16,53,9,1 93
3 19,28,8,1 90
3 20,26,8,0 99
3 21,26,8,0 99
3 21,48,8,0 101
3 6,26,8,0 99
3 20,26,8,0 99
3 3,26,8,0 99
3 18,26,8,0 99
3 7,26,8,0 99
3 19,28,8,1 90
3 19,26,8,0 99
3 20,54,8,0 102
3 19,50,1,0 94
3 21,28,8,1 90
3 0,34,1,0 57
3 19,22,9,1 92
3 1,34,1,0 57
3 18,28,8,1 90
3 18,55,7,0 103
3 21,34,1,0 57
3 18,45,9,1 93
3 21,28,8,1 90
3 16,48,9,1 92
3 16,56,9,1 92
5 14,5,2,0 105
5 22,17,8,1 100
5 0,22,0,0 37
5 18,28,1,0 118
5 0,22,0,0 37
5 18,28,1,0 118
5 18,59,9,0 107
5 0,22,0,0 37
5 18,28,1,0 118
5 18,59,9,0 107
5 20,23,6,1 50
5 0,22,0,0 37
5 18,28,1,0 118
5 18,59,9,0 107
5 20,23,6,1 50
5 21,28,5,1 58
5 0,28,6,1 119
5 15,5,2,0 105
5 0,28,6,1 119
5 15,5,2,0 105
5 16,17,8,1 100
5 10,5,2,0 105
5 11,17,8,1 100
5 10,5,2,0 105
5 11,17,8,1 100
5 20,5,0,0 112
5 19,5,2,0 105
5 19,17,8,1 100
5 14,5,2,0 105
5 14,17,8,1 100
5 18,5,2,0 105
5 20,59,9,0 107
5 18,5,2,0 105
5 20,59,9,0 107
5 21,15,9,0 120
5 10,5,2,0 105
5 10,17,8,1 100
5 16,5,2,0 105
5 17,17,8,1 100
5 21,5,0,0 112
5 22,23,5,0 121
5 13,5,2,0 105
5 14,17,8,1 100
5 17,10,8,0 122
5 21,37,5,1 49
5 12,5,2,0 105
5 13,17,8,1 100
5 19,5,2,0 105
5 20,17,8,1 100
5 0,60,0,1 34
5 14,5,2,0 105
5 0,60,0,1 34
5 14,5,2,0 105
5 14,17,8,1 100
5 0,60,0,1 34
5 14,5,2,0 105
5 14,17,8,1 100
5 23,5,0,0 112
5 17,10,5,1 58
5 19,28,5,1 58
5 12,5,2,0 105
5 13,17,8,1 100
5 19,5,2,0 105
5 19,17,8,1 100
5 19,5,2,0 105
5 19,17,8,1 100
5 0,17,2,0 123
5 19,5,2,0 105
5 0,17,2,0 123
5 19,5,2,0 105
5 20,17,8,1 100
5 16,5,2,0 105
5 16,17,8,1 100
5 20,5,0,0 112
5 21,22,0,0 37
5 21,28,5,1 58
5 22,61,5,0 124
5 12,5,2,0 105
5 13,17,8,1 100
5 18,17,8,1 100
5 19,59,9,0 107
5 18,17,8,1 100
5 19,59,9,0 107
5 20,15,9,1 92
5 2,17,8,1 100
5 17,5,2,0 105
5 2,17,8,1 100
5 17,5,2,0 105
5 17,17,8,1 100
5 15,5,2,0 105
5 16,17,8,1 100
5 14,5,2,0 105
5 14,17,8,1 100
5 12,5,2,0 105
5 13,17,8,1 100
5 12,5,2,0 105
5 13,17,8,1 100
5 23,43,6,1 106
5 19,5,2,0 105
5 21,27,0,0 125
5 3,15,0,0 126
5 4,32,0,0 56
5 3,15,0,0 126
5 4,32,0,0 56
5 13,5,2,0 105
5 3,15,0,0 126
5 4,32,0,0 56
5 13,5,2,0 105
5 14,17,8,1 100
5 12,5,2,0 105
5 12,5,0,0 112
5 12,5,2,0 105
5 12,5,0,0 112
5 13,17,8,1 100
5 3,5,2,0 105
5 5,17,8,1 100
5 3,5,2,0 105
5 3,17,8,1 100
5 3,5,2,0 105
5 3,17,8,1 100
5 13,5,2,0 105
5 11,5,2,0 105
5 23,15,2,0 127
5 16,5,2,0 105
5 16,17,8,1 100
5 11,5,2,0 105
5 11,17,8,1 100
5 20,28,5,1 58
5 20,15,5,1 58
5 20,28,5,1 58
5 20,15,5,1 58
5 20,23,5,0 121
5 20,5,2,0 105
5 20,17,8,1 100
5 18,5,2,0 105
5 18,17,8,1 100
5 0,62,5,0 128
5 17,15,2,0 127
5 18,37,5,1 49
5 20,5,2,0 105
5 18,37,5,1 49
5 20,5,2,0 105
5 20,17,8,1 100
5 19,5,2,0 105
5 20,17,8,1 100
5 20,5,2,0 105
5 20,17,8,1 100
5 18,28,5,1 58
5 23,35,5,1 49
5 4,28,5,1 58
5 16,53,0,0 129
5 17,5,2,0 105
5 17,17,8,1 100
5 20,5,2,0 105
5 20,17,8,1 100
6 17,23,3,1 131
6 1,23,0,0 109
6 13,5,1,0 98
6 1,5,0,0 112
6 1,23,0,0 109
6 18,22,9,1 92
6 19,22,3,0 132
6 1,52,3,1 48
6 19,22,3,0 132
6 1,52,3,1 48
6 18,5,1,0 98
6 22,22,3,1 130
6 23,64,3,1 130
7 17,0,0,0 59
7 17,5,0,0 112
7 18,68,3,0 137
7 17,0,0,0 59
7 17,5,0,0 112
7 18,68,3,0 137
7 19,22,5,1 58
7 17,0,0,0 59
7 17,5,0,0 112
7 18,68,3,0 137
7 19,22,5,1 58
7 20,4,5,0 142
7 17,0,0,0 59
7 17,5,0,0 112
7 18,68,3,0 137
7 19,22,5,1 58
7 20,4,5,0 142
7 23,58,5,1 58
7 0,5,2,0 140
7 15,66,4,0 135
7 16,66,4,0 135
7 18,22,5,1 58
7 16,66,4,0 135
7 18,22,5,1 58
7 19,67,2,0 136
7 17,66,4,0 135
7 18,65,2,0 133
7 15,66,4,0 135
7 23,22,2,0 116
7 0,32,1,1 12
7 21,37,5,1 49
7 0,32,1,1 12
7 21,37,5,1 49
7 22,32,1,1 12
7 0,69,1,0 143
7 13,68,3,0 144
7 0,69,1,0 143
7 13,68,3,0 144
7 13,68,3,0 137
7 0,69,1,0 143
7 13,68,3,0 144
7 13,68,3,0 137
7 16,66,4,0 135
7 15,68,3,0 137
7 16,66,4,0 135
7 1,68,3,0 137
7 17,66,4,0 135
7 5,2,2,0 134
7 22,10,5,1 49
7 0,1,1,0 20
7 20,66,4,0 135
7 13,68,3,0 144
7 13,68,3,0 137
7 15,27,9,1 93
7 18,65,2,0 133
7 12,68,3,0 144
7 12,68,3,0 137
7 12,68,3,0 144
7 12,68,3,0 137
7 16,66,4,0 135
7 12,68,3,0 144
7 12,68,3,0 137
7 16,66,4,0 135
7 18,10,5,1 49
7 1,43,1,0 145
7 1,70,1,0 146
7 1,43,1,0 145
7 1,70,1,0 146
7 1,43,1,0 145
7 13,66,4,0 135
7 18,5,4,0 147
7 13,66,4,0 135
7 18,5,4,0 147
7 19,65,2,0 133
7 0,65,2,0 138
7 0,65,2,0 133
7 19,68,3,0 144
7 19,68,3,0 137
7 4,68,3,0 137
7 4,68,3,0 144
7 4,68,3,0 137
7 4,68,3,0 144
7 16,17,2,0 123
7 20,68,3,0 144
7 20,68,3,0 137
7 1,68,3,0 144
7 2,68,3,0 137
8 17,71,5,0 148
8 17,72,5,0 149
8 18,5,1,0 151
8 22,46,1,0 154
8 14,46,1,0 154
8 17,73,5,0 155
8 15,46,1,0 154
8 19,72,5,0 149
8 15,46,1,0 154
8 19,72,5,0 149
8 20,5,5,0 152
8 15,46,1,0 154
8 19,72,5,0 149
8 20,5,5,0 152
8 20,74,5,0 156
8 15,46,1,0 154
8 19,72,5,0 149
8 20,5,5,0 152
8 20,74,5,0 156
8 20,46,1,0 154
8 15,46,1,0 154
8 19,72,5,0 149
8 20,5,5,0 152
8 20,74,5,0 156
8 20,46,1,0 154
8 23,10,0,0 157
8 17,22,5,1 78
8 18,72,5,0 149
8 17,22,5,1 78
8 18,72,5,0 149
8 18,72,5,0 149
8 17,22,5,1 78
8 18,72,5,0 149
8 18,72,5,0 149
8 19,28,5,0 150
8 19,71,5,0 148
8 19,28,5,0 150
8 19,71,5,0 148
8 19,28,5,0 150
8 20,5,5,0 158
8 0,5,5,0 159
8 22,46,1,0 154
8 14,46,1,0 154
8 16,63,1,0 160
8 14,46,1,0 154
8 16,63,1,0 160
8 18,46,1,0 154
9 0,0,1,0 176
9 4,43,1,1 31
9 6,4,2,0 177
9 0,0,1,0 176
9 4,43,1,1 31
9 6,4,2,0 177
9 17,2,2,0 178
9 3,78,9,0 179
9 20,78,9,0 179
9 3,78,9,0 179
9 20,78,9,0 179
9 17,79,9,0 180
9 20,43,1,1 18
9 20,27,8,0 181
9 21,78,9,0 179
9 22,79,9,0 180
9 21,78,9,0 179
9 22,79,9,0 180
9 0,78,9,0 179
9 6,7,1,0 81
9 3,80,2,0 182
9 8,2,1,0 183
9 18,78,9,0 179
9 8,2,1,0 183
9 18,78,9,0 179
9 3,75,2,0 161
9 6,77,2,0 184
9 15,79,9,0 180
9 19,78,9,0 179
9 20,79,9,0 180
9 17,79,9,0 180
9 17,78,9,0 179
9 4,32,6,1 50
9 18,27,8,0 181
9 4,81,2,0 185
9 15,79,9,0 180
9 0,34,1,0 57
9 20,78,9,0 179
9 5,4,1,0 186
9 20,0,1,0 187
9 14,79,9,0 180
9 20,78,9,0 179
9 14,79,9,0 180
9 20,78,9,0 179
9 15,79,9,0 180
9 23,43,2,0 188
9 14,5,2,0 189
9 16,79,9,0 180
9 21,48,8,0 91
9 14,5,2,0 162
9 18,78,9,0 179
9 14,5,2,0 162
9 23,80,2,0 182
9 14,5,2,0 162
9 23,80,2,0 182
9 18,82,2,0 190
9 19,78,9,0 179
9 0,83,1,0 191
9 14,5,2,0 162
9 15,79,9,0 180
9 15,79,9,0 180
9 19,78,9,0 179
9 16,79,9,0 180
9 21,84,9,0 192
9 14,79,9,0 180
9 14,78,9,0 179
9 16,79,9,0 180
9 23,84,9,0 192
9 1,83,1,0 191
9 14,79,9,0 180
9 0,83,1,0 191
9 13,79,9,0 180
9 14,79,9,0 180
9 21,78,9,0 179
9 5,4,1,0 186
9 6,4,2,0 193
9 16,27,5,0 194
9 17,79,9,0 180
9 16,27,5,0 194
9 17,79,9,0 180
9 19,58,5,0 195
9 16,27,5,0 194
9 17,79,9,0 180
9 19,58,5,0 195
9 21,27,6,0 196
9 18,79,9,0 180
9 19,85,9,1 93
9 20,80,2,0 197
9 22,80,2,0 182
10 2,65,2,0 133
10 3,0,1,0 187
10 5,60,2,0 198
10 19,86,1,0 199
10 2,65,2,0 133
10 3,0,1,0 187
10 5,60,2,0 198
10 19,86,1,0 199
10 20,80,1,0 200
11 20,21,4,0 204
11 22,58,5,1 58
11 0,5,5,1 58
11 1,22,7,0 201
11 0,5,5,1 58
11 1,22,7,0 201
11 20,28,7,0 61
11 17,5,2,0 202
11 23,22,7,1 53
11 17,5,2,0 202
11 22,22,7,0 201
11 18,5,2,0 202
11 23,22,7,0 201
11 0,63,1,0 205
11 18,43,2,0 206
11 1,12,7,0 207
11 22,22,7,0 201
11 0,82,7,0 208
11 18,5,2,0 202
11 2,23,5,0 209
11 19,5,2,0 202
11 17,87,1,1 18
11 22,82,7,0 208
12 14,53,5,0 213
12 22,17,6,1 50
12 14,5,6,0 214
12 14,17,6,1 50
12 15,12,5,0 210
12 19,12,5,0 210
12 23,12,5,0 210
12 23,58,5,1 58
12 19,43,5,0 215
12 21,12,5,0 210
12 14,12,5,0 210
12 23,56,6,0 216
12 15,12,5,0 217
12 18,12,5,0 217
12 1,56,6,0 216
12 1,10,6,1 106
12 1,90,9,0 218
12 22,23,5,0 209
12 18,12,5,0 217
12 23,23,5,0 209
12 16,12,5,0 217
12 18,58,5,1 58
12 1,91,6,0 219
12 1,56,6,0 216
13 19,96,2,0 233
13 20,58,5,0 234
13 2,70,1,0 235
13 3,34,1,0 57
13 22,58,1,0 236
13 23,36,5,1 49
13 23,36,5,1 49
13 0,67,5,1 49
13 21,48,5,0 232
13 20,36,5,1 49
13 23,23,2,0 237
13 21,20,2,0 238
13 23,23,2,0 237
13 21,20,2,0 238
13 21,17,2,0 123
13 22,74,1,0 239
13 21,12,2,0 240
13 22,23,8,1 241
13 6,94,1,0 230
13 7,2,1,1 23
13 21,97,1,0 242
13 23,72,1,0 243
13 1,22,0,0 113
13 23,69,1,0 143
13 3,36,5,1 49
13 23,69,1,0 143
13 3,36,5,1 49
13 23,28,1,0 118
13 2,98,0,0 244
13 23,72,2,0 245
13 1,20,8,0 246
13 16,15,2,0 127
13 1,99,1,0 247
13 16,5,2,0 162
13 22,58,1,0 236
13 2,22,2,0 116
13 22,58,1,0 236
13 2,22,2,0 116
13 16,58,1,0 236
13 1,58,5,1 58
13 3,48,5,0 232
13 2,22,2,0 116
13 16,5,2,0 162
13 19,74,1,0 248
13 21,23,2,0 249
13 19,74,1,0 248
13 21,23,2,0 249
13 0,22,2,0 116
13 20,72,6,0 250
13 22,58,1,0 251
13 0,28,1,0 118
13 20,58,1,0 236
13 18,3,1,0 252
13 19,100,2,0 253
13 1,2,1,0 183
13 16,58,1,0 236
13 1,2,1,0 183
13 16,58,1,0 236
13 1,22,2,0 116
13 16,96,2,0 233
13 21,58,5,0 234
13 20,44,2,0 254
13 22,28,8,1 241
13 0,4,1,0 9
13 18,95,1,0 255
13 0,4,1,0 9
13 18,95,1,0 255
13 17,60,1,0 256
13 22,48,5,0 232
13 22,95,1,0 255
14 21,28,8,1 241
14 21,23,8,1 241
14 22,10,8,1 241
14 15,5,3,1 131
14 19,101,3,1 257
15 0,4,1,0 5
15 23,2,2,0 258
15 18,102,2,0 260
15 23,4,1,0 5
15 2,2,2,0 258
15 2,37,2,0 261
15 18,2,2,0 262
15 19,53,2,0 263
15 0,43,1,0 264
15 1,45,9,1 93
15 0,103,1,0 265
15 0,43,1,1 18
15 0,103,1,0 265
15 0,43,1,1 18
15 1,43,1,1 18
16 21,71,5,0 266
16 21,5,5,0 152
17 21,16,1,0 30
17 22,5,2,0 267
17 17,63,2,1 211
17 20,105,2,1 211
18 21,106,5,0 270
18 0,22,1,0 271
18 23,28,5,0 72
18 22,58,5,1 58
18 23,28,5,1 58
18 2,22,1,0 271
18 18,60,5,0 272
18 0,83,1,0 273
18 3,4,2,0 193
18 2,23,0,0 109
18 3,4,2,0 193
18 2,23,0,0 109
18 15,12,5,0 210
18 3,4,2,0 193
18 2,23,0,0 109
18 15,12,5,0 210
18 18,107,1,0 274
18 21,22,1,0 271
18 1,25,1,0 40
18 2,43,1,0 275
18 4,4,5,0 142
18 2,43,1,0 275
18 4,4,5,0 142
18 20,22,1,0 271
18 0,83,1,0 273
18 19,60,5,0 272
19 2,4,2,0 177
19 4,2,2,0 258
20 12,5,0,0 97
20 17,60,0,0 282
20 21,58,5,1 58
20 23,22,4,1 283
20 21,21,4,1 283
20 22,22,9,1 93
20 5,5,1,0 284
20 7,15,5,1 58
20 1,60,0,0 282
20 22,15,1,0 269
20 1,43,5,1 58
20 12,5,0,0 97
20 14,5,6,1 106
20 14,108,6,1 106
20 12,82,5,0 278
20 12,5,0,0 97
20 1,39,5,1 58
20 19,53,4,1 280
22 5,111,5,0 294
22 4,28,5,0 72
22 17,15,5,0 288
22 21,102,1,0 295
22 22,90,1,0 296
22 20,28,5,1 58
22 22,90,1,0 296
22 20,28,5,1 58
22 21,15,5,1 58
22 1,24,1,0 39
22 1,8,1,0 10
22 15,112,1,0 297
22 17,24,1,0 39
22 15,112,1,0 297
22 17,24,1,0 39
22 19,24,1,0 39
22 22,28,5,0 72
22 1,5,1,0 298
22 19,72,1,0 299
22 20,5,1,0 300
22 19,72,1,0 299
22 20,5,1,0 300
22 0,102,1,0 301
22 19,72,1,0 299
22 20,5,1,0 300
22 0,102,1,0 301
22 18,24,1,0 39
22 3,28,5,0 72
22 20,45,7,0 79
22 22,21,4,1 283
22 0,70,5,0 302
22 22,21,4,1 283
22 0,70,5,0 302
22 19,47,8,0 85
22 0,70,1,0 303
22 2,10,5,0 304
22 17,47,8,0 85
22 21,15,5,0 288
22 23,28,5,0 150
22 23,28,5,0 72
22 20,113,0,0 305
22 21,22,0,1 63
22 20,113,0,0 305
22 21,22,0,1 63
22 22,15,1,0 306
22 18,70,0,0 307
22 19,22,5,1 58
22 13,24,1,0 39
22 19,70,1,0 308
22 22,28,5,0 150
22 23,8,5,0 309
23 17,28,1,0 118
23 17,14,1,0 310
23 18,114,1,0 311
23 18,76,1,1 18
23 1,1,0,1 114
23 21,76,1,1 18
23 12,66,1,1 18
23 18,72,1,0 318
23 20,76,1,1 18
23 21,76,1,1 18
23 3,70,1,0 319
23 23,76,1,1 18
23 18,76,1,1 18
23 18,28,1,0 118
23 18,70,1,0 320
23 23,76,1,1 18
23 12,66,1,1 18
23 23,23,8,1 241
23 15,5,1,0 314
23 19,23,8,1 241
23 15,53,1,0 321
23 19,36,8,1 241
23 12,66,1,1 18
23 18,14,1,0 310
23 18,36,1,0 322
23 21,14,2,0 323
23 22,28,1,0 118
23 22,76,1,1 18
23 15,53,1,0 321
23 18,76,1,1 18
23 18,28,1,0 118
23 20,92,1,0 317
24 2,0,0,0 324
24 2,52,0,1 114
24 13,0,0,0 324
24 22,14,0,0 66
24 13,43,2,0 206
24 13,0,2,0 27
24 13,43,2,0 206
24 13,0,2,0 27
24 14,5,2,0 325
24 13,43,2,0 206
24 13,0,2,0 27
24 14,5,2,0 325
24 18,20,2,0 326
25 0,2,5,0 331
25 11,5,5,0 332
25 21,4,1,0 9
25 22,113,1,0 316
25 0,2,5,0 331
25 11,5,5,0 332
25 21,4,1,0 9
25 22,113,1,0 316
25 22,4,1,0 9
25 15,4,1,0 9
25 19,4,1,0 9
25 1,43,2,0 333
25 16,12,2,0 334
25 1,43,2,0 333
25 16,12,2,0 334
25 19,27,9,1 93
25 0,116,6,0 330
25 1,2,5,0 331
25 0,116,6,0 330
25 1,2,5,0 331
25 15,12,2,0 334
25 22,60,1,0 335
25 22,22,1,0 336
25 0,2,2,0 329
25 18,23,2,0 237
25 22,2,2,0 329
25 17,4,1,0 9
25 19,2,2,0 329
25 13,5,2,0 337
25 23,4,5,0 338
25 1,14,2,0 323
25 22,2,2,0 329
25 21,2,2,0 329
25 22,2,2,0 329
25 21,2,2,0 329
25 23,2,5,0 331
25 20,95,1,0 339
25 20,60,1,0 335
25 20,95,1,0 339
25 20,60,1,0 335
25 16,117,1,0 340
25 16,4,1,0 9
25 19,2,2,0 329
25 17,4,1,0 9
25 19,95,1,0 339
25 17,4,1,0 9
25 19,95,1,0 339
25 20,51,2,0 174
25 16,23,5,0 209
25 20,2,2,0 329
25 16,23,5,0 209
25 20,2,2,0 329
25 3,14,2,0 323
25 13,5,2,0 337
25 15,4,1,0 9
25 19,74,1,0 341
25 19,29,1,0 342
25 19,74,1,0 341
25 19,29,1,0 342
25 19,17,1,0 343
26 1,32,0,0 56
26 15,5,1,0 314
26 14,5,1,0 314
26 14,5,1,0 6
26 0,22,0,0 37
26 14,5,1,0 314
26 12,5,1,0 314
26 22,17,2,0 123
26 22,17,8,1 100
26 22,61,6,1 106
26 3,15,0,0 126
26 4,32,0,0 56
26 12,5,1,0 314
26 21,50,2,0 345
26 4,62,5,0 128
26 5,7,1,0 8
26 5,109,1,0 346
26 21,17,2,0 123
26 23,50,2,0 345
26 12,5,1,0 314
26 23,50,2,0 345
26 12,5,1,0 314
26 22,5,2,0 28
26 11,5,1,0 314
26 23,17,2,0 123
26 11,5,1,0 314
26 23,17,2,0 123
27 1,15,8,1 241
27 2,29,8,1 241
27 2,61,9,1 92
27 19,15,8,1 241
27 20,41,8,1 241
27 19,15,8,1 241
27 20,41,8,1 241
27 20,67,8,1 241
27 15,44,2,0 352
27 19,15,8,0 351
27 21,15,8,0 351
27 21,59,8,0 353
27 2,10,2,0 354
27 22,67,8,1 241
27 0,22,8,0 355
27 1,27,8,1 100
27 21,52,8,1 90
27 1,61,9,1 92
27 2,22,9,1 92
27 20,44,2,0 352
27 2,22,9,1 92
27 20,44,2,0 352
27 19,44,1,0 77
27 19,5,1,0 348
27 19,44,1,0 77
27 19,5,1,0 348
27 19,44,1,0 77
27 20,5,1,0 348
28 19,43,5,0 215
28 19,10,5,1 74
28 19,119,5,0 362
28 19,43,5,0 76
28 21,43,5,0 215
28 0,109,2,0 356
28 2,19,2,0 35
28 0,109,2,0 356
28 2,19,2,0 35
28 3,109,2,0 356
28 19,8,2,0 358
28 20,109,2,0 356
28 19,8,2,0 358
28 20,109,2,0 356
28 23,0,0,0 363
28 2,8,5,0 309
28 16,109,2,0 356
28 2,8,5,0 309
28 16,109,2,0 356
28 18,94,1,0 230
28 2,8,5,0 309
28 16,109,2,0 356
28 18,94,1,0 230
28 22,109,2,0 356
28 1,109,2,0 356
28 5,4,2,0 193
28 1,109,2,0 356
28 5,4,2,0 193
28 5,109,1,0 364
28 18,109,2,0 356
28 18,43,1,1 18
28 0,109,2,0 356
28 9,5,2,0 365
28 0,43,5,0 215
28 10,109,2,0 356
28 4,99,1,0 247
28 19,109,2,0 356
28 4,99,1,0 247
28 19,109,2,0 356
28 23,111,7,0 366
28 0,109,2,0 356
28 2,39,1,1 31
28 0,109,2,0 356
28 2,39,1,1 31
28 4,109,2,0 356
28 0,109,2,0 356
28 2,39,1,1 31
28 4,109,2,0 356
28 9,53,1,0 367
28 1,109,2,0 356
28 2,43,5,0 215
28 1,109,2,0 356
28 2,43,5,0 215
28 9,109,2,0 356
28 16,109,2,0 356
28 19,33,2,0 54
28 4,43,5,0 215
28 20,43,5,0 215
28 4,43,5,0 215
28 20,43,5,0 215
28 22,43,5,0 215
28 0,109,2,0 356
28 22,109,2,0 356
28 22,109,2,0 356
28 22,4,1,0 186
28 22,109,2,0 356
28 22,4,1,0 186
28 23,10,1,0 368
28 19,109,2,0 356
28 19,43,2,0 206
28 19,109,2,0 356
28 19,43,2,0 206
28 19,0,2,0 27
28 3,2,2,0 134
28 4,60,2,0 328
28 3,2,2,0 134
28 4,60,2,0 328
28 3,109,2,0 356
28 4,4,2,0 193
28 4,109,5,0 357
28 23,95,2,0 369
28 23,2,8,0 95
28 3,14,8,0 69
28 4,1,8,0 370
28 3,14,8,0 69
28 4,1,8,0 370
28 4,109,2,0 356
28 5,2,6,0 371
28 6,109,2,0 356
28 5,39,1,0 372
28 6,43,1,0 145
28 5,39,1,0 372
28 6,43,1,0 145
28 0,2,1,0 373
28 4,2,1,0 374
28 6,2,2,0 178
28 6,109,2,0 356
28 17,0,1,1 12
29 15,10,5,1 58
29 17,87,5,1 78
29 15,10,5,1 58
29 17,87,5,1 78
29 18,58,5,1 78
29 17,69,7,0 380
29 21,22,2,0 381
29 17,95,4,0 382
29 18,22,2,0 381
29 17,95,4,0 382
29 18,22,2,0 381
29 18,122,2,0 383
29 19,43,3,0 384
29 21,24,1,0 39
29 15,24,1,0 39
29 18,1,1,1 23
29 7,22,5,0 385
29 19,6,1,0 386
29 2,58,5,1 58
29 20,10,5,1 49
29 12,120,1,0 376
29 23,24,1,0 39
29 1,4,1,0 9
29 4,4,1,0 387
30 16,21,4,1 283
30 17,22,4,0 393
30 18,10,5,0 394
30 22,123,5,1 49
30 23,29,5,0 395
30 19,18,4,1 280
30 20,22,4,0 393
30 19,18,4,1 280
30 20,22,4,0 393
30 21,21,4,0 396
30 0,38,8,0 68
30 20,22,5,1 78
30 0,38,8,0 68
30 20,22,5,1 78
30 21,22,7,1 397
30 15,5,2,0 325
30 18,87,1,1 18
30 0,14,5,0 398
30 19,10,5,1 58
30 18,10,5,0 399
30 19,28,5,1 58
30 20,58,5,0 400
30 19,102,2,0 401
30 20,58,5,0 400
30 19,102,2,0 401
30 21,43,1,0 145
30 17,27,0,0 402
30 17,37,2,0 261
30 15,5,2,0 28
30 19,87,1,1 18
31 10,16,1,0 30
31 20,16,1,0 67
31 10,16,1,0 30
31 19,5,1,0 314
31 20,16,1,0 30
31 20,5,1,0 405
31 10,16,1,0 30
31 20,5,5,0 406
31 10,16,1,0 30
31 20,16,1,0 67
31 20,16,1,0 67
31 20,16,1,0 30
31 20,16,1,0 67
31 20,16,1,0 30
31 21,66,1,0 404
31 10,16,1,0 30
31 20,16,1,0 67
31 10,16,1,0 30
31 20,16,1,0 67
31 20,16,1,0 30
31 13,5,5,0 403
31 20,5,5,0 406
31 9,16,1,0 30
31 20,5,1,0 314
31 9,16,1,0 30
31 20,5,1,0 314
31 20,16,1,0 30
31 9,16,1,0 30
31 20,16,1,0 30
31 17,5,5,0 406
31 18,28,5,0 72
32 15,11,1,0 407
32 15,70,2,0 408
32 15,124,5,0 409
32 15,125,1,0 410
32 15,11,1,0 407
32 15,70,2,0 408
32 15,124,5,0 409
32 15,125,1,0 410
32 15,14,2,0 411
32 15,11,1,0 407
32 15,70,2,0 408
32 15,124,5,0 409
32 15,125,1,0 410
32 15,14,2,0 411
32 15,77,1,0 173
32 15,11,1,0 407
32 15,70,2,0 408
32 15,124,5,0 409
32 15,125,1,0 410
32 15,14,2,0 411
32 15,77,1,0 173
32 15,95,2,0 231
33 4,0,1,0 4
33 23,4,2,0 412
33 0,43,1,1 18
33 2,4,1,0 22
33 0,43,1,1 18
33 2,4,1,0 22
33 4,0,1,0 4
33 1,10,1,1 12
33 14,5,1,0 21
33 0,2,1,1 12
33 6,0,1,0 4
34 20,29,5,0 417
34 22,5,2,0 414
34 19,61,6,1 106
34 20,48,6,1 50
34 19,61,6,1 106
34 20,48,6,1 50
34 22,5,2,0 414
34 17,91,6,0 219
34 18,71,6,1 106
34 18,64,2,0 418
34 18,81,2,0 185
34 16,5,2,0 414
34 16,71,2,0 413
35 1,2,2,0 258
35 14,5,1,0 419
35 15,5,1,0 419
35 17,127,1,0 420
35 21,34,1,0 57
35 21,83,1,0 191
35 15,5,1,0 419
35 19,73,0,0 421
36 21,28,5,1 78
36 22,41,5,1 78
36 12,5,7,0 60
36 22,46,8,0 349
36 12,5,7,0 60
36 22,46,8,0 349
36 23,28,8,1 241
36 12,5,7,0 60
36 22,46,8,0 349
36 23,28,8,1 241
36 23,48,8,1 241
36 2,39,9,1 93
36 3,107,9,1 93
36 2,39,9,1 93
36 3,107,9,1 93
36 11,5,7,0 60
37 20,20,5,1 58
37 20,28,5,0 150
37 20,20,5,1 58
37 20,28,5,0 150
37 21,8,1,0 10
37 0,27,9,0 424
37 16,28,8,1 241
37 2,22,9,1 92
37 23,27,8,0 425
37 0,22,9,1 93
37 2,34,1,0 57
37 0,22,9,1 93
37 2,34,1,0 57
37 6,7,1,0 81
37 15,17,3,0 426
37 16,5,9,1 93
37 15,17,3,0 426
37 16,5,9,1 93
37 21,20,5,1 58
38 4,128,2,0 429
38 6,15,2,0 127
38 6,129,1,0 430
38 3,121,1,0 378
38 6,129,1,0 430
38 3,121,1,0 378
38 4,128,2,0 429
38 5,39,1,1 31
38 9,15,8,1 90
39 2,33,8,0 436
39 19,131,8,1 241
39 3,66,8,0 431
39 11,12,3,0 14
39 20,66,8,0 431
39 23,5,9,0 433
39 20,66,8,0 431
39 23,5,9,0 433
39 23,66,8,0 431
39 4,66,8,1 90
39 21,66,8,0 431
39 4,66,8,1 90
39 21,66,8,0 431
39 23,5,9,0 433
39 3,66,8,0 431
39 11,66,8,1 90
39 3,66,8,0 431
39 11,66,8,1 90
39 18,66,8,0 431
39 3,47,8,0 85
39 19,66,8,0 431
39 9,66,8,1 90
39 21,120,8,0 437
39 8,66,8,1 90
39 20,20,9,1 92
39 8,66,8,1 90
39 20,20,9,1 92
39 20,5,9,1 92
39 8,66,8,1 90
39 20,20,9,1 92
39 20,5,9,1 92
39 20,23,9,1 92
39 8,66,8,1 90
39 20,20,9,1 92
39 20,5,9,1 92
39 20,23,9,1 92
39 21,22,9,0 438
39 23,16,1,0 67
39 23,22,9,0 438
40 4,14,1,0 441
40 14,5,1,0 442
40 4,14,1,0 441
40 14,5,1,0 442
40 18,82,2,0 190
40 1,22,1,0 336
40 1,14,1,0 441
40 19,92,1,0 223
40 21,69,1,0 143
41 17,58,5,1 58
41 20,58,5,1 58
41 1,70,2,0 408
41 19,41,8,1 241
41 18,5,8,0 444
41 19,132,2,0 445
42 14,5,4,0 446
42 23,23,0,0 38
43 0,32,0,0 56
43 21,22,3,0 449
43 0,93,2,0 451
43 17,27,0,0 452
43 0,119,5,0 362
43 19,119,5,0 362
43 0,66,8,1 90
43 17,22,3,0 117
43 18,49,2,1 211
43 2,72,0,0 453
43 18,49,2,1 211
43 2,72,0,0 453
43 2,2,0,0 55
43 1,72,1,0 454
43 20,21,2,0 221
43 21,22,3,0 449
43 20,5,1,0 98
43 21,22,3,0 449
43 20,5,1,0 98
43 21,48,5,0 232
44 3,95,9,1 93
44 20,15,8,1 241
44 21,2,1,0 259
44 23,10,1,1 12
44 3,95,2,0 369
44 6,104,2,0 456
44 8,66,8,1 90
44 19,5,9,1 93
46 20,53,3,0 463
46 1,0,5,0 464
46 2,110,5,0 293
46 1,26,8,0 99
46 2,110,5,0 293
46 1,26,8,0 99
46 3,56,3,0 465
46 18,14,3,0 466
46 18,85,3,0 467
47 1,43,1,1 18
47 22,17,5,0 344
47 3,14,1,0 310
47 22,5,2,0 325
48 10,83,4,1 283
48 11,5,4,0 471
48 9,83,4,1 283
48 11,5,4,0 471
48 10,83,4,1 283
48 13,5,4,0 471
48 12,5,4,0 471
48 22,43,4,1 283
48 0,22,4,0 393
48 18,95,1,0 339
48 12,5,4,0 471
48 13,27,5,0 194
49 2,15,4,1 283
49 21,32,0,0 56
50 3,10,1,0 19
50 20,15,5,0 474
50 3,10,1,0 360
50 4,43,1,0 145
51 14,3,1,0 475
51 16,134,1,0 476
51 18,70,2,0 408
51 17,134,1,0 476
51 17,1,1,1 23
53 13,5,7,1 53
53 13,5,7,1 53
55 14,10,3,0 479
55 19,65,2,0 133
57 4,28,0,1 114
57 21,59,3,0 110
57 0,2,2,0 178
57 21,58,5,1 58
57 3,28,5,1 58
57 21,61,3,1 131
57 1,43,1,0 275
57 2,25,1,0 40
57 6,73,1,1 31
57 21,43,8,1 90
58 14,7,4,0 42
58 23,28,3,1 48
58 12,5,3,0 484
58 18,22,4,0 393
58 14,7,4,0 42
58 23,66,4,1 283
58 12,5,3,0 484
58 22,135,4,0 485
58 12,5,3,0 484
58 23,66,4,1 283
58 3,2,2,0 134
58 4,43,2,0 333
58 23,66,4,1 283
58 23,66,4,1 283
58 17,7,4,0 42
58 20,66,4,1 283
58 0,66,4,1 283
58 23,66,4,1 283
58 0,83,4,1 283
58 23,83,4,1 283
61 5,129,2,0 490
61 18,70,2,0 408
61 2,43,5,0 215
61 19,42,5,0 75
61 3,75,2,0 161
61 6,10,2,0 491
61 3,75,2,0 161
61 6,10,2,0 491
61 8,136,2,0 492
62 23,86,1,0 199
62 23,65,1,0 495
62 23,86,1,0 199
62 23,65,1,0 495
62 23,87,1,1 18
63 15,16,1,0 67
63 15,92,1,0 496
63 15,16,1,0 67
63 15,92,1,0 496
63 21,5,1,0 500
63 15,16,1,0 67
63 15,92,1,0 496
63 21,5,1,0 500
63 23,92,1,0 496
63 15,92,1,0 496
63 18,5,1,0 151
63 15,92,1,0 496
63 18,5,1,0 151
63 21,43,1,1 18
63 15,92,1,0 496
63 18,5,1,0 151
63 21,43,1,1 18
63 23,22,2,0 381
63 15,92,1,0 496
63 18,5,1,0 151
63 21,43,1,1 18
63 23,22,2,0 381
63 23,37,1,1 18
63 0,74,1,0 501
63 19,92,1,0 496
63 1,70,1,0 502
63 23,92,1,0 496
63 21,92,1,0 496
63 22,69,1,0 143
63 19,69,1,0 143
63 19,72,1,0 503
63 2,2,1,0 327
63 5,4,1,0 139
63 17,92,1,0 496
63 18,72,1,0 503
64 0,5,1,0 505
64 21,70,5,0 302
64 22,12,1,0 172
64 18,70,5,0 302
64 19,5,5,1 74
64 16,5,1,0 506
64 22,3,1,0 167
64 4,1,5,0 507
64 18,51,5,0 508
64 0,5,2,0 487
64 20,5,5,0 159
64 5,2,2,0 134
64 20,5,2,0 189
64 3,83,1,0 191
64 15,83,1,0 191
64 0,83,1,0 191
64 9,102,1,0 509
64 8,83,1,0 191
64 8,7,1,0 81
65 16,5,1,0 511
65 23,69,1,0 512
65 19,69,1,0 512
65 20,133,1,0 513
65 19,69,1,0 512
65 20,133,1,0 513
65 22,140,1,0 514
65 20,133,1,0 513
65 20,28,1,0 118
65 15,5,1,0 511
65 22,69,1,0 512
65 0,5,1,0 511
65 5,109,1,0 515
65 1,2,1,1 23
65 6,4,1,0 186
65 19,92,1,0 223
65 19,49,1,0 516
65 18,22,1,0 336
65 19,49,1,0 516
66 2,33,1,0 519
66 22,5,3,1 520
66 2,34,1,0 57
66 22,22,3,0 132
66 1,34,1,0 57
66 3,34,1,0 57
66 1,34,1,0 57
66 3,34,1,0 57
66 0,33,2,0 54
66 1,34,1,0 57
66 3,34,1,0 57
66 0,33,2,0 54
66 17,133,3,0 521
66 19,69,1,0 143
66 20,94,1,0 230
67 1,5,2,0 164
67 22,2,2,0 258
67 1,141,2,0 522
67 13,25,1,0 40
68 3,2,7,0 80
68 19,83,1,0 191
68 0,5,7,0 60
68 3,2,7,0 80
69 15,52,8,1 90
69 19,22,3,0 117
70 3,5,2,0 526
70 18,14,2,0 524
70 18,122,2,0 383
70 2,7,6,0 71
70 17,2,7,0 80
70 4,22,7,1 53
70 13,5,1,0 419
70 15,5,1,0 419
70 18,5,1,0 419
70 12,5,1,0 419
70 23,5,7,0 525
70 17,102,1,0 509
70 18,5,1,0 151
71 0,17,2,0 115
71 3,2,1,0 530
71 0,17,2,0 115
71 3,2,1,0 530
71 20,12,1,0 172
71 2,4,1,0 531
71 17,22,2,0 116
71 0,12,1,1 12
71 0,69,1,0 143
72 0,73,1,1 31
72 22,74,1,0 248
72 1,142,1,0 532
72 1,9,1,0 489
73 0,14,2,0 534
73 23,4,1,0 387
73 1,2,2,0 533
73 4,4,1,0 139
74 21,121,1,0 378
74 23,22,4,1 283
74 17,58,4,1 283
74 17,37,4,1 283
74 20,143,1,0 537
74 23,60,1,0 538
74 17,107,4,0 539
74 17,15,4,0 540
75 13,53,7,1 53
75 19,1,6,1 106
75 18,1,6,1 106
75 21,83,6,0 542
76 22,27,5,0 194
76 13,5,1,0 151
76 22,27,5,0 194
76 13,5,1,0 151
76 22,66,4,0 135
76 18,2,1,0 183
76 21,41,5,1 74
76 21,144,7,0 543
76 14,2,1,0 183
76 21,144,7,0 543
76 14,2,1,0 183
76 22,66,4,0 135
77 1,2,2,0 258
77 22,81,2,0 546
77 0,23,8,1 241
77 18,4,1,0 9
77 2,82,1,0 547
77 5,7,1,0 81
77 3,70,1,0 548
77 21,12,2,0 225
77 3,70,1,0 548
77 21,12,2,0 225
77 23,4,1,0 186
77 4,60,1,0 549
77 5,1,1,1 23
77 5,7,1,0 8
77 21,60,1,0 256
78 20,66,8,0 431
78 21,27,9,1 93
78 19,117,9,1 93
78 19,22,9,1 93
78 19,117,9,1 93
78 19,22,9,1 93
78 1,66,8,0 431
78 16,27,0,0 550
78 23,66,8,0 431
79 0,5,5,1 58
79 0,52,5,1 58
79 2,121,1,0 378
79 4,1,5,0 552
80 18,56,5,0 555
80 18,5,5,0 556
80 18,56,5,0 555
80 18,5,5,0 556
80 19,27,5,0 557
80 20,22,4,0 558
80 23,22,4,0 393
80 1,60,2,0 559
80 1,5,2,0 189
80 3,102,4,0 560
80 17,121,1,0 378
80 15,56,4,0 561
80 15,5,4,0 471
81 4,63,2,0 562
81 5,63,2,0 562
81 18,61,9,1 92
81 19,63,9,1 93
81 21,63,9,1 93
81 0,63,9,1 93
81 18,63,2,0 562
81 16,63,9,1 93
81 23,63,2,0 562
81 15,63,9,1 93
81 18,63,9,1 93
81 2,10,9,1 93
81 18,63,9,1 93
81 2,10,9,1 93
81 4,45,3,1 257
82 4,5,5,1 58
82 4,22,5,1 58
82 2,5,5,1 58
82 22,71,1,0 289
83 2,15,6,0 564
83 13,15,6,0 564
83 15,5,2,0 28
83 15,5,2,0 325
83 18,72,2,0 565
84 1,112,8,0 568
84 17,112,8,0 568
84 23,70,1,0 569
84 13,79,9,0 180
84 18,36,8,1 241
84 2,32,6,1 50
84 20,58,5,1 58
86 0,14,4,0 572
86 3,2,1,0 183
86 1,0,1,0 187
86 22,22,0,0 37
86 3,2,1,0 183
86 3,2,2,0 178
87 1,70,5,0 575
87 1,40,5,0 73
87 1,34,1,0 57
87 15,52,8,1 90
87 1,146,2,0 576
87 23,146,2,0 576
88 0,34,1,0 57
88 20,147,5,0 577
88 1,34,1,0 57
88 21,34,1,0 57
89 19,43,1,0 145
89 21,113,1,0 316
89 19,43,1,0 145
89 21,113,1,0 316
89 23,4,1,0 9
89 22,4,1,0 9
89 23,113,1,0 316
89 3,43,2,0 333
89 21,4,1,0 9
90 0,43,8,1 90
90 2,28,8,1 241
90 0,43,8,1 90
90 2,28,8,1 241
90 15,48,9,1 92
90 13,50,5,0 582
90 15,15,9,1 93
90 20,28,8,1 90
90 20,28,8,1 90
90 20,28,8,1 90
90 20,28,8,1 90
90 21,28,8,1 90
90 20,36,8,1 241
90 20,23,8,1 241
91 23,87,5,1 78
91 23,43,5,1 78
91 23,58,5,1 78
91 3,116,6,0 330
91 16,100,5,0 584
91 4,100,5,0 584
91 4,100,5,0 584
91 1,14,9,1 93
91 1,100,5,0 584
91 21,58,5,1 58
91 21,10,5,0 399
91 18,100,5,0 584
91 18,12,5,0 585
92 7,102,1,0 586
92 7,72,1,0 503
92 7,102,1,0 587
92 14,63,6,0 588
92 22,16,1,0 67
